image: /home/pinkman/catkin_ws/src/acs6121_team4/maps/explore_map.pgm
resolution: 0.050000
origin: [-10.000000, -10.000000, 0.000000]
negate: 0
occupied_thresh: 0.65
free_thresh: 0.196

